  Crops & Seeds
==================================================
  4007000   
  4018000   
  4029000   
  4040000   
  4051000   
  4062000   
  4073000   
  4084000   
  4095000   
  4106000   
  4117000   
  4128000   
  4139000   
  4150000   
  4161000   
  4172000   
  4183000   
  4194000   
  4205000   
  4216000   
  4227000   
  4238000   
  4249000   
  4260000   
  4271000   
  4282000   
  4293000   
  4304000   
  4315000   
  4326000   
  4337000   
  4348000   
  4359000   
  4370000   
  4381000   
  4392000   
  4403000   
  4414000   
  4425000   
  4436000   
  4447000   
  4458000   
  4469000   
  4480000   
  4491000   
  4502000   
  4513000   
  4524000   
  4535000   
  4546000   
  4557000   
  4568000   
  4579000   
  4590000   
  4601000   
  4612000   
  4623000   
  4634000   
  4645000   
  4656000   
  4667000   
  4678000   
  4689000   
  4700000   
  4711000   
  4722000   
  4733000   
  4744000   
  4755000   
  4766000   
  4777000   
  4788000   
  4799000   
  4810000   
  4821000   
  4832000   
  4843000   
  4854000   
  4865000   
  4876000   
  4887000   
  4898000   
  4909000   
  4920000   
  4931000   
  4942000   
  4953000   
  4964000   
  4975000   
  4986000   
  4997000   
