  Animal Feeds
==================================================
  6007000   
  6027000   
  6047000   
  6067000   
  6087000   
  6107000   
  6127000   
  6147000   
  6167000   
  6187000   
  6207000   
  6227000   
  6247000   
  6267000   
  6287000   
  6307000   
  6327000   
  6347000   
  6367000   
  6387000   
  6407000   
  6427000   
  6447000   
  6467000   
  6480000   
  6487000   
  6507000   
  6527000   
  6547000   
  6567000   
  6587000   
  6607000   
  6627000   
  6647000   
  6667000   
  6687000   
  6707000   
  6727000   
  6747000   
  6767000   
  6787000   
  6807000   
  6827000   
  6847000   
  6867000   
  6887000   
  6907000   
  6927000   
  6947000   
  6967000   
  6987000   
