  Fishing Items
==================================================
  7007000   
  7027000   
  7047000   
  7067000   
  7087000   
  7107000   
  7127000   
  7147000   
  7167000   
  7187000   
  7207000   
  7227000   
  7247000   
  7267000   
  7287000   
  7307000   
  7327000   
  7347000   
  7367000   
  7387000   
  7407000   
  7427000   
  7447000   
  7467000   
  7487000   
  7507000   
  7527000   
  7547000   
  7567000   
  7587000   
  7607000   
  7627000   
  7647000   
  7667000   
  7687000   
  7707000   
  7727000   
  7747000   
  7767000   
  7787000   
  7807000   
  7827000   
  7847000   
  7867000   
  7887000   
  7907000   
  7927000   
  7947000   
  7967000   
  7987000   
